soma <-1+5$
multi <-2*3